198 22 39.6 22 2956 0
290 31 58.0 31 4078 0
325 33 65.0 33 4380 0
241 27 48.2 27 3516 0
185 19 37.0 19 2476 0
20259 29 4051.8 29 563330 1
50324 35 10064.8 35 1404494 1
32494 31 6498.8 31 825858 1
18698 9263 3739.6 9263 519988 1
46312 23094 9262.4 23094 1293780 1
27872 13854 5574.4 13854 777134 1
18898 9358 3779.6 9358 525328 1
47199 23204 9439.8 23204 1303630 1
41314 14001 8262.8 14001 885860 1
1353 27 270.6 27 14472 0
512 37 102.4 37 6406 0
256 28 51.2 28 3662 0
268 28 53.6 28 3686 0
310 32 62.0 32 4234 0
208 21 41.6 21 2754 0
264 27 52.8 27 3562 0
573 39 114.6 39 7088 0
260 27 52.0 27 3554 0
216 22 43.2 22 2886 0
223 23 44.6 23 2991 0
418 43 83.6 43 5726 0
286 29 57.2 29 10199 0
10630 4681 2126.0 4681 284342 1
520 30 104.0 30 32146 0
18810 9301 3762.0 9301 522864 1
314 36 62.8 36 12536 0
19070 9009 3814.0 9009 511681 1
32194 13939 6438.8 13939 821072 1
19353 9287 3870.6 9287 527170 1
46722 23299 9344.4 23299 1305028 1
28118 13973 5623.6 13973 783658 1
341 34 68.2 34 4528 0
18814 9324 3762.8 9324 523264 1
46971 23383 9394.2 23383 1310674 1
56510 22936 11302.0 22936 1333442 1
48043 22955 9608.6 22955 1302111 1
30803 13972 6160.6 13972 809812 1
617 28 123.4 28 6884 0
221 24 44.2 24 3128 0
235 25 47.0 25 3272 0
232 24 46.4 24 3150 0
280 29 56.0 29 3826 0
165 16 33.0 16 2088 0
417 25 83.4 25 4988 0
218 22 43.6 22 2890 0
285 29 57.0 29 3836 0
253 27 50.6 27 3540 0
216 23 43.2 23 3002 0
244 25 48.8 25 3290 0
526 33 105.2 33 6298 0
297 47 59.4 47 4706 0
277 69 55.4 69 5336 1
476 62 95.2 62 7252 0
276 26 55.2 26 3950 0
804 221 160.8 221 16536 1
1286 488 257.2 488 30622 1
848 308 169.6 308 19636 1
167 18 33.4 18 2324 0
2094 951 418.8 951 55128 1
4944 2359 988.8 2359 134286 1
2958 1407 591.6 1407 80184 1
1321 33 264.2 33 13792 0
3148 1506 629.6 1506 85558 1
7732 3759 1546.4 3759 212546 1
4661 2250 932.2 2250 127528 1
226 24 45.2 24 3138 0
3961 1902 792.2 1902 108006 1
11281 4641 2256.2 4641 276804 1
5887 2831 1177.4 2831 160652 1
274 28 54.8 28 3698 0
5894 2849 1178.8 2849 161332 1
14230 7005 2846.0 7005 394100 1
8637 4224 1727.4 4224 238216 1
2715 26 543.0 26 25272 0
7682 3750 1536.4 3750 211644 1
18758 9309 3751.6 9309 522386 1
11422 5621 2284.4 5621 316352 1
196 22 39.2 22 2846 0
11427 5614 2285.4 5614 315982 1
32817 13910 6563.4 13910 808837 1
18862 8423 3772.4 8423 491016 1
333 35 66.6 35 4628 0
15163 7469 3032.6 7469 420066 1
37620 18716 7524.0 18716 1049188 1
22461 11157 4492.2 11157 625772 1
301 31 60.2 31 4100 0
20686 8673 4137.2 8673 509160 1
46731 23270 9346.2 23270 1304022 1
28130 13965 5626.0 13965 783342 1
365 39 73.0 39 5156 0
240 26 48.0 26 3398 0
290 30 58.0 30 3962 0
5238 24 1047.6 24 44354 0
894 29 178.8 29 9358 0
264 27 52.8 27 3562 0
219 23 43.8 23 3008 0
2059 966 411.8 966 55094 1
4763 2262 952.6 2262 128824 1
9061 4428 1812.2 4428 249746 1
12757 5331 2551.4 5331 318335 1
